# DIRECT ASCENT ASAT TRAJECTORY EPHEMERIS (ECI J2000)
# Time of Flight: 450.0 seconds
# Columns: Time(s), Pos_X(km), Pos_Y(km), Pos_Z(km), Vel_X(km/s), Vel_Y(km/s), Vel_Z(km/s)
# ---------------------------------------------------------------------------------------------------------
    0,      4830.4435,      4053.2233,      1689.6062,    -20.9652,     -2.5156,      7.4594
    1,      4809.4748,      4050.7048,      1697.0644,    -20.9722,     -2.5214,      7.4569
    2,      4788.4992,      4048.1805,      1704.5201,    -20.9791,     -2.5273,      7.4545
    3,      4767.5166,      4045.6502,      1711.9733,    -20.9861,     -2.5332,      7.4520
    4,      4746.5270,      4043.1141,      1719.4241,    -20.9931,     -2.5391,      7.4495
    5,      4725.5305,      4040.5719,      1726.8723,    -21.0001,     -2.5451,      7.4469
    6,      4704.5269,      4038.0238,      1734.3179,    -21.0071,     -2.5511,      7.4444
    7,      4683.5163,      4035.4697,      1741.7609,    -21.0141,     -2.5572,      7.4417
    8,      4662.4987,      4032.9095,      1749.2014,    -21.0212,     -2.5633,      7.4391
    9,      4641.4740,      4030.3431,      1756.6392,    -21.0282,     -2.5694,      7.4364
   10,      4620.4422,      4027.7707,      1764.0743,    -21.0353,     -2.5756,      7.4338
   11,      4599.4033,      4025.1920,      1771.5067,    -21.0424,     -2.5818,      7.4310
   12,      4578.3573,      4022.6071,      1778.9363,    -21.0496,     -2.5880,      7.4283
   13,      4557.3042,      4020.0160,      1786.3632,    -21.0567,     -2.5943,      7.4255
   14,      4536.2440,      4017.4185,      1793.7873,    -21.0638,     -2.6006,      7.4227
   15,      4515.1765,      4014.8147,      1801.2085,    -21.0710,     -2.6070,      7.4198
   16,      4494.1019,      4012.2045,      1808.6269,    -21.0782,     -2.6134,      7.4169
   17,      4473.0201,      4009.5879,      1816.0424,    -21.0854,     -2.6198,      7.4140
   18,      4451.9311,      4006.9648,      1823.4549,    -21.0926,     -2.6263,      7.4111
   19,      4430.8348,      4004.3353,      1830.8645,    -21.0999,     -2.6329,      7.4081
   20,      4409.7313,      4001.6991,      1838.2711,    -21.1071,     -2.6394,      7.4051
   21,      4388.6205,      3999.0564,      1845.6747,    -21.1144,     -2.6460,      7.4020
   22,      4367.5025,      3996.4070,      1853.0752,    -21.1217,     -2.6527,      7.3990
   23,      4346.3772,      3993.7510,      1860.4726,    -21.1290,     -2.6594,      7.3959
   24,      4325.2445,      3991.0883,      1867.8669,    -21.1363,     -2.6661,      7.3927
   25,      4304.1046,      3988.4188,      1875.2581,    -21.1436,     -2.6729,      7.3895
   26,      4282.9573,      3985.7425,      1882.6460,    -21.1510,     -2.6797,      7.3863
   27,      4261.8026,      3983.0593,      1890.0307,    -21.1583,     -2.6866,      7.3831
   28,      4240.6406,      3980.3693,      1897.4121,    -21.1657,     -2.6935,      7.3798
   29,      4219.4712,      3977.6723,      1904.7902,    -21.1731,     -2.7004,      7.3765
   30,      4198.2943,      3974.9684,      1912.1650,    -21.1805,     -2.7074,      7.3731
   31,      4177.1101,      3972.2574,      1919.5364,    -21.1879,     -2.7145,      7.3697
   32,      4155.9185,      3969.5394,      1926.9044,    -21.1954,     -2.7216,      7.3663
   33,      4134.7194,      3966.8143,      1934.2690,    -21.2028,     -2.7287,      7.3628
   34,      4113.5129,      3964.0820,      1941.6300,    -21.2103,     -2.7359,      7.3593
   35,      4092.2989,      3961.3426,      1948.9876,    -21.2177,     -2.7431,      7.3558
   36,      4071.0774,      3958.5959,      1956.3416,    -21.2252,     -2.7503,      7.3522
   37,      4049.8484,      3955.8419,      1963.6920,    -21.2327,     -2.7576,      7.3486
   38,      4028.6120,      3953.0806,      1971.0387,    -21.2402,     -2.7650,      7.3449
   39,      4007.3680,      3950.3119,      1978.3818,    -21.2477,     -2.7724,      7.3412
   40,      3986.1165,      3947.5358,      1985.7211,    -21.2553,     -2.7798,      7.3375
   41,      3964.8574,      3944.7522,      1993.0567,    -21.2628,     -2.7873,      7.3337
   42,      3943.5908,      3941.9611,      2000.3885,    -21.2704,     -2.7949,      7.3299
   43,      3922.3167,      3939.1625,      2007.7165,    -21.2779,     -2.8024,      7.3260
   44,      3901.0349,      3936.3562,      2015.0406,    -21.2855,     -2.8101,      7.3221
   45,      3879.7456,      3933.5423,      2022.3607,    -21.2931,     -2.8177,      7.3182
   46,      3858.4487,      3930.7207,      2029.6769,    -21.3007,     -2.8255,      7.3142
   47,      3837.1442,      3927.8914,      2036.9891,    -21.3083,     -2.8332,      7.3102
   48,      3815.8321,      3925.0543,      2044.2973,    -21.3159,     -2.8410,      7.3061
   49,      3794.5123,      3922.2093,      2051.6014,    -21.3236,     -2.8489,      7.3020
   50,      3773.1850,      3919.3564,      2058.9014,    -21.3312,     -2.8568,      7.2979
   51,      3751.8499,      3916.4956,      2066.1972,    -21.3388,     -2.8648,      7.2937
   52,      3730.5073,      3913.6268,      2073.4887,    -21.3465,     -2.8728,      7.2895
   53,      3709.1569,      3910.7500,      2080.7761,    -21.3542,     -2.8809,      7.2852
   54,      3687.7989,      3907.8651,      2088.0591,    -21.3618,     -2.8890,      7.2809
   55,      3666.4333,      3904.9721,      2095.3378,    -21.3695,     -2.8971,      7.2765
   56,      3645.0599,      3902.0708,      2102.6120,    -21.3772,     -2.9053,      7.2721
   57,      3623.6789,      3899.1614,      2109.8819,    -21.3849,     -2.9136,      7.2676
   58,      3602.2902,      3896.2437,      2117.1473,    -21.3926,     -2.9219,      7.2631
   59,      3580.8937,      3893.3176,      2124.4081,    -21.4003,     -2.9302,      7.2586
   60,      3559.4896,      3890.3832,      2131.6644,    -21.4080,     -2.9386,      7.2540
   61,      3538.0777,      3887.4403,      2138.9160,    -21.4157,     -2.9471,      7.2493
   62,      3516.6582,      3884.4890,      2146.1630,    -21.4234,     -2.9556,      7.2446
   63,      3495.2309,      3881.5291,      2153.4053,    -21.4311,     -2.9641,      7.2399
   64,      3473.7959,      3878.5607,      2160.6428,    -21.4389,     -2.9728,      7.2351
   65,      3452.3531,      3875.5836,      2167.8755,    -21.4466,     -2.9814,      7.2303
   66,      3430.9027,      3872.5978,      2175.1034,    -21.4543,     -2.9901,      7.2254
   67,      3409.4445,      3869.6034,      2182.3264,    -21.4621,     -2.9989,      7.2205
   68,      3387.9785,      3866.6001,      2189.5444,    -21.4698,     -3.0077,      7.2155
   69,      3366.5048,      3863.5880,      2196.7574,    -21.4776,     -3.0165,      7.2105
   70,      3345.0234,      3860.5670,      2203.9653,    -21.4853,     -3.0254,      7.2054
   71,      3323.5342,      3857.5371,      2211.1681,    -21.4930,     -3.0344,      7.2003
   72,      3302.0373,      3854.4982,      2218.3658,    -21.5008,     -3.0434,      7.1951
   73,      3280.5327,      3851.4502,      2225.5583,    -21.5085,     -3.0525,      7.1899
   74,      3259.0203,      3848.3931,      2232.7456,    -21.5163,     -3.0616,      7.1846
   75,      3237.5001,      3845.3270,      2239.9275,    -21.5240,     -3.0708,      7.1793
   76,      3215.9722,      3842.2516,      2247.1041,    -21.5318,     -3.0800,      7.1739
   77,      3194.4366,      3839.1669,      2254.2752,    -21.5395,     -3.0893,      7.1684
   78,      3172.8932,      3836.0730,      2261.4409,    -21.5472,     -3.0986,      7.1630
   79,      3151.3421,      3832.9697,      2268.6011,    -21.5550,     -3.1080,      7.1574
   80,      3129.7833,      3829.8570,      2275.7557,    -21.5627,     -3.1174,      7.1518
   81,      3108.2167,      3826.7348,      2282.9047,    -21.5704,     -3.1269,      7.1462
   82,      3086.6424,      3823.6032,      2290.0481,    -21.5782,     -3.1364,      7.1405
   83,      3065.0604,      3820.4619,      2297.1856,    -21.5859,     -3.1460,      7.1347
   84,      3043.4706,      3817.3111,      2304.3175,    -21.5936,     -3.1557,      7.1289
   85,      3021.8732,      3814.1506,      2311.4434,    -21.6013,     -3.1654,      7.1230
   86,      3000.2680,      3810.9803,      2318.5635,    -21.6090,     -3.1751,      7.1171
   87,      2978.6552,      3807.8003,      2325.6776,    -21.6167,     -3.1849,      7.1111
   88,      2957.0347,      3804.6104,      2332.7858,    -21.6244,     -3.1948,      7.1051
   89,      2935.4064,      3801.4107,      2339.8878,    -21.6321,     -3.2047,      7.0990
   90,      2913.7705,      3798.2010,      2346.9838,    -21.6397,     -3.2147,      7.0929
   91,      2892.1270,      3794.9813,      2354.0736,    -21.6474,     -3.2247,      7.0867
   92,      2870.4758,      3791.7516,      2361.1571,    -21.6550,     -3.2347,      7.0804
   93,      2848.8169,      3788.5118,      2368.2344,    -21.6627,     -3.2449,      7.0741
   94,      2827.1504,      3785.2619,      2375.3053,    -21.6703,     -3.2550,      7.0677
   95,      2805.4763,      3782.0017,      2382.3698,    -21.6779,     -3.2653,      7.0613
   96,      2783.7946,      3778.7313,      2389.4279,    -21.6855,     -3.2756,      7.0548
   97,      2762.1053,      3775.4506,      2396.4794,    -21.6931,     -3.2859,      7.0483
   98,      2740.4084,      3772.1595,      2403.5244,    -21.7007,     -3.2963,      7.0416
   99,      2718.7040,      3768.8580,      2410.5627,    -21.7082,     -3.3067,      7.0350
  100,      2696.9919,      3765.5460,      2417.5943,    -21.7158,     -3.3172,      7.0283
  101,      2675.2724,      3762.2235,      2424.6192,    -21.7233,     -3.3278,      7.0215
  102,      2653.5453,      3758.8904,      2431.6372,    -21.7308,     -3.3384,      7.0146
  103,      2631.8107,      3755.5467,      2438.6484,    -21.7383,     -3.3490,      7.0077
  104,      2610.0687,      3752.1923,      2445.6526,    -21.7458,     -3.3598,      7.0007
  105,      2588.3191,      3748.8272,      2452.6499,    -21.7533,     -3.3705,      6.9937
  106,      2566.5622,      3745.4513,      2459.6400,    -21.7607,     -3.3813,      6.9866
  107,      2544.7978,      3742.0645,      2466.6231,    -21.7681,     -3.3922,      6.9795
  108,      2523.0259,      3738.6668,      2473.5990,    -21.7755,     -3.4031,      6.9723
  109,      2501.2467,      3735.2582,      2480.5676,    -21.7829,     -3.4141,      6.9650
  110,      2479.4602,      3731.8386,      2487.5289,    -21.7902,     -3.4251,      6.9577
  111,      2457.6662,      3728.4080,      2494.4829,    -21.7976,     -3.4362,      6.9503
  112,      2435.8650,      3724.9662,      2501.4294,    -21.8049,     -3.4473,      6.9428
  113,      2414.0565,      3721.5133,      2508.3684,    -21.8122,     -3.4585,      6.9353
  114,      2392.2407,      3718.0492,      2515.2999,    -21.8194,     -3.4697,      6.9277
  115,      2370.4176,      3714.5738,      2522.2238,    -21.8267,     -3.4810,      6.9200
  116,      2348.5874,      3711.0871,      2529.1400,    -21.8339,     -3.4924,      6.9123
  117,      2326.7499,      3707.5890,      2536.0484,    -21.8410,     -3.5038,      6.9045
  118,      2304.9053,      3704.0795,      2542.9490,    -21.8482,     -3.5152,      6.8967
  119,      2283.0535,      3700.5586,      2549.8418,    -21.8553,     -3.5267,      6.8888
  120,      2261.1947,      3697.0261,      2556.7266,    -21.8624,     -3.5382,      6.8808
  121,      2239.3287,      3693.4821,      2563.6034,    -21.8695,     -3.5498,      6.8728
  122,      2217.4557,      3689.9264,      2570.4722,    -21.8765,     -3.5615,      6.8647
  123,      2195.5757,      3686.3591,      2577.3328,    -21.8835,     -3.5732,      6.8565
  124,      2173.6888,      3682.7801,      2584.1853,    -21.8905,     -3.5849,      6.8483
  125,      2151.7948,      3679.1893,      2591.0294,    -21.8974,     -3.5967,      6.8400
  126,      2129.8940,      3675.5867,      2597.8653,    -21.9043,     -3.6085,      6.8317
  127,      2107.9863,      3671.9722,      2604.6928,    -21.9111,     -3.6204,      6.8233
  128,      2086.0718,      3668.3458,      2611.5118,    -21.9180,     -3.6324,      6.8148
  129,      2064.1504,      3664.7074,      2618.3223,    -21.9247,     -3.6444,      6.8062
  130,      2042.2223,      3661.0570,      2625.1242,    -21.9315,     -3.6564,      6.7976
  131,      2020.2875,      3657.3946,      2631.9175,    -21.9382,     -3.6685,      6.7889
  132,      1998.3459,      3653.7201,      2638.7020,    -21.9449,     -3.6806,      6.7802
  133,      1976.3978,      3650.0334,      2645.4778,    -21.9515,     -3.6928,      6.7714
  134,      1954.4430,      3646.3345,      2652.2448,    -21.9581,     -3.7050,      6.7625
  135,      1932.4816,      3642.6233,      2659.0028,    -21.9646,     -3.7173,      6.7536
  136,      1910.5138,      3638.8999,      2665.7519,    -21.9711,     -3.7296,      6.7446
  137,      1888.5394,      3635.1641,      2672.4919,    -21.9776,     -3.7420,      6.7355
  138,      1866.5586,      3631.4160,      2679.2228,    -21.9840,     -3.7544,      6.7263
  139,      1844.5715,      3627.6554,      2685.9445,    -21.9903,     -3.7668,      6.7171
  140,      1822.5780,      3623.8823,      2692.6571,    -21.9967,     -3.7793,      6.7079
  141,      1800.5782,      3620.0967,      2699.3603,    -22.0029,     -3.7918,      6.6985
  142,      1778.5721,      3616.2986,      2706.0541,    -22.0092,     -3.8044,      6.6891
  143,      1756.5599,      3612.4879,      2712.7385,    -22.0153,     -3.8170,      6.6797
  144,      1734.5415,      3608.6645,      2719.4135,    -22.0215,     -3.8297,      6.6702
  145,      1712.5170,      3604.8284,      2726.0788,    -22.0275,     -3.8424,      6.6606
  146,      1690.4864,      3600.9796,      2732.7346,    -22.0335,     -3.8552,      6.6509
  147,      1668.4499,      3597.1181,      2739.3806,    -22.0395,     -3.8680,      6.6412
  148,      1646.4074,      3593.2437,      2746.0169,    -22.0454,     -3.8808,      6.6314
  149,      1624.3591,      3589.3565,      2752.6434,    -22.0513,     -3.8937,      6.6215
  150,      1602.3049,      3585.4564,      2759.2600,    -22.0571,     -3.9066,      6.6116
  151,      1580.2449,      3581.5434,      2765.8666,    -22.0628,     -3.9195,      6.6017
  152,      1558.1792,      3577.6174,      2772.4633,    -22.0685,     -3.9325,      6.5916
  153,      1536.1079,      3573.6784,      2779.0498,    -22.0742,     -3.9455,      6.5815
  154,      1514.0309,      3569.7264,      2785.6262,    -22.0797,     -3.9586,      6.5713
  155,      1491.9484,      3565.7613,      2792.1925,    -22.0853,     -3.9717,      6.5611
  156,      1469.8604,      3561.7830,      2798.7484,    -22.0907,     -3.9848,      6.5508
  157,      1447.7670,      3557.7917,      2805.2940,    -22.0961,     -3.9979,      6.5404
  158,      1425.6682,      3553.7871,      2811.8293,    -22.1014,     -4.0111,      6.5300
  159,      1403.5642,      3549.7694,      2818.3541,    -22.1067,     -4.0244,      6.5195
  160,      1381.4548,      3545.7384,      2824.8683,    -22.1119,     -4.0376,      6.5090
  161,      1359.3404,      3541.6941,      2831.3720,    -22.1170,     -4.0509,      6.4984
  162,      1337.2208,      3537.6365,      2837.8650,    -22.1221,     -4.0642,      6.4877
  163,      1315.0961,      3533.5656,      2844.3474,    -22.1271,     -4.0776,      6.4770
  164,      1292.9665,      3529.4813,      2850.8190,    -22.1321,     -4.0910,      6.4662
  165,      1270.8320,      3525.3836,      2857.2797,    -22.1370,     -4.1044,      6.4553
  166,      1248.6926,      3521.2725,      2863.7296,    -22.1418,     -4.1178,      6.4444
  167,      1226.5485,      3517.1479,      2870.1685,    -22.1465,     -4.1313,      6.4334
  168,      1204.3997,      3513.0099,      2876.5965,    -22.1512,     -4.1448,      6.4224
  169,      1182.2462,      3508.8583,      2883.0133,    -22.1558,     -4.1583,      6.4113
  170,      1160.0882,      3504.6932,      2889.4191,    -22.1603,     -4.1719,      6.4002
  171,      1137.9257,      3500.5146,      2895.8137,    -22.1647,     -4.1854,      6.3890
  172,      1115.7588,      3496.3223,      2902.1970,    -22.1691,     -4.1990,      6.3777
  173,      1093.5875,      3492.1165,      2908.5690,    -22.1734,     -4.2127,      6.3664
  174,      1071.4120,      3487.8970,      2914.9297,    -22.1776,     -4.2263,      6.3550
  175,      1049.2322,      3483.6639,      2921.2790,    -22.1818,     -4.2400,      6.3436
  176,      1027.0484,      3479.4171,      2927.6168,    -22.1859,     -4.2536,      6.3321
  177,      1004.8605,      3475.1566,      2933.9431,    -22.1899,     -4.2673,      6.3205
  178,       982.6686,      3470.8824,      2940.2579,    -22.1938,     -4.2811,      6.3089
  179,       960.4729,      3466.5945,      2946.5610,    -22.1977,     -4.2948,      6.2973
  180,       938.2734,      3462.2928,      2952.8524,    -22.2014,     -4.3085,      6.2856
  181,       916.0701,      3457.9774,      2959.1321,    -22.2051,     -4.3223,      6.2738
  182,       893.8632,      3453.6482,      2965.4000,    -22.2087,     -4.3361,      6.2620
  183,       871.6527,      3449.3052,      2971.6560,    -22.2122,     -4.3499,      6.2501
  184,       849.4387,      3444.9484,      2977.9002,    -22.2157,     -4.3637,      6.2382
  185,       827.2213,      3440.5778,      2984.1324,    -22.2191,     -4.3775,      6.2262
  186,       805.0006,      3436.1934,      2990.3526,    -22.2223,     -4.3913,      6.2142
  187,       782.7766,      3431.7951,      2996.5608,    -22.2255,     -4.4052,      6.2022
  188,       760.5495,      3427.3830,      3002.7569,    -22.2287,     -4.4190,      6.1900
  189,       738.3194,      3422.9571,      3008.9409,    -22.2317,     -4.4329,      6.1779
  190,       716.0862,      3418.5172,      3015.1127,    -22.2346,     -4.4468,      6.1657
  191,       693.8501,      3414.0635,      3021.2722,    -22.2375,     -4.4606,      6.1534
  192,       671.6112,      3409.5959,      3027.4194,    -22.2403,     -4.4745,      6.1411
  193,       649.3696,      3405.1145,      3033.5544,    -22.2430,     -4.4884,      6.1288
  194,       627.1253,      3400.6191,      3039.6769,    -22.2456,     -4.5023,      6.1164
  195,       604.8784,      3396.1099,      3045.7871,    -22.2481,     -4.5162,      6.1039
  196,       582.6291,      3391.5867,      3051.8848,    -22.2505,     -4.5301,      6.0914
  197,       560.3774,      3387.0497,      3057.9699,    -22.2529,     -4.5440,      6.0789
  198,       538.1234,      3382.4988,      3064.0426,    -22.2551,     -4.5579,      6.0664
  199,       515.8672,      3377.9340,      3070.1026,    -22.2573,     -4.5718,      6.0538
  200,       493.6088,      3373.3553,      3076.1501,    -22.2594,     -4.5856,      6.0411
  201,       471.3485,      3368.7627,      3082.1848,    -22.2614,     -4.5995,      6.0284
  202,       449.0862,      3364.1562,      3088.2069,    -22.2633,     -4.6134,      6.0157
  203,       426.8220,      3359.5359,      3094.2162,    -22.2651,     -4.6273,      6.0029
  204,       404.5561,      3354.9017,      3100.2128,    -22.2668,     -4.6412,      5.9901
  205,       382.2885,      3350.2536,      3106.1965,    -22.2684,     -4.6550,      5.9773
  206,       360.0193,      3345.5916,      3112.1674,    -22.2699,     -4.6689,      5.9645
  207,       337.7486,      3340.9158,      3118.1254,    -22.2714,     -4.6827,      5.9516
  208,       315.4766,      3336.2262,      3124.0705,    -22.2727,     -4.6965,      5.9386
  209,       293.2032,      3331.5228,      3130.0026,    -22.2740,     -4.7104,      5.9257
  210,       270.9286,      3326.8055,      3135.9218,    -22.2752,     -4.7242,      5.9127
  211,       248.6529,      3322.0744,      3141.8280,    -22.2762,     -4.7380,      5.8996
  212,       226.3761,      3317.3295,      3147.7211,    -22.2772,     -4.7518,      5.8866
  213,       204.0984,      3312.5709,      3153.6011,    -22.2781,     -4.7655,      5.8735
  214,       181.8199,      3307.7985,      3159.4680,    -22.2789,     -4.7793,      5.8604
  215,       159.5406,      3303.0123,      3165.3218,    -22.2796,     -4.7930,      5.8472
  216,       137.2607,      3298.2124,      3171.1625,    -22.2803,     -4.8067,      5.8341
  217,       114.9801,      3293.3989,      3176.9900,    -22.2808,     -4.8204,      5.8209
  218,        92.6991,      3288.5716,      3182.8042,    -22.2812,     -4.8341,      5.8077
  219,        70.4178,      3283.7306,      3188.6053,    -22.2815,     -4.8478,      5.7944
  220,        48.1361,      3278.8761,      3194.3931,    -22.2818,     -4.8614,      5.7812
  221,        25.8542,      3274.0079,      3200.1676,    -22.2819,     -4.8750,      5.7679
  222,         3.5722,      3269.1261,      3205.9288,    -22.2820,     -4.8886,      5.7546
  223,       -18.7098,      3264.2307,      3211.6767,    -22.2820,     -4.9022,      5.7413
  224,       -40.9917,      3259.3218,      3217.4113,    -22.2819,     -4.9157,      5.7279
  225,       -63.2735,      3254.3993,      3223.1326,    -22.2816,     -4.9292,      5.7146
  226,       -85.5550,      3249.4634,      3228.8404,    -22.2813,     -4.9427,      5.7012
  227,      -107.8361,      3244.5140,      3234.5349,    -22.2809,     -4.9561,      5.6878
  228,      -130.1168,      3239.5511,      3240.2160,    -22.2804,     -4.9696,      5.6744
  229,      -152.3970,      3234.5748,      3245.8837,    -22.2799,     -4.9830,      5.6610
  230,      -174.6765,      3229.5852,      3251.5380,    -22.2792,     -4.9963,      5.6475
  231,      -196.9553,      3224.5822,      3257.1788,    -22.2784,     -5.0096,      5.6341
  232,      -219.2333,      3219.5659,      3262.8062,    -22.2776,     -5.0229,      5.6207
  233,      -241.5103,      3214.5364,      3268.4201,    -22.2766,     -5.0362,      5.6072
  234,      -263.7864,      3209.4936,      3274.0206,    -22.2756,     -5.0494,      5.5937
  235,      -286.0614,      3204.4375,      3279.6075,    -22.2744,     -5.0626,      5.5802
  236,      -308.3353,      3199.3683,      3285.1810,    -22.2732,     -5.0758,      5.5668
  237,      -330.6078,      3194.2860,      3290.7410,    -22.2719,     -5.0889,      5.5533
  238,      -352.8790,      3189.1906,      3296.2876,    -22.2705,     -5.1020,      5.5398
  239,      -375.1488,      3184.0821,      3301.8206,    -22.2690,     -5.1150,      5.5263
  240,      -397.4170,      3178.9606,      3307.3401,    -22.2674,     -5.1280,      5.5128
  241,      -419.6836,      3173.8261,      3312.8461,    -22.2658,     -5.1410,      5.4993
  242,      -441.9485,      3168.6787,      3318.3386,    -22.2640,     -5.1539,      5.4858
  243,      -464.2116,      3163.5183,      3323.8176,    -22.2622,     -5.1668,      5.4723
  244,      -486.4728,      3158.3452,      3329.2831,    -22.2602,     -5.1796,      5.4587
  245,      -508.7321,      3153.1592,      3334.7351,    -22.2582,     -5.1924,      5.4452
  246,      -530.9892,      3147.9604,      3340.1736,    -22.2561,     -5.2051,      5.4317
  247,      -553.2443,      3142.7490,      3345.5986,    -22.2539,     -5.2178,      5.4183
  248,      -575.4971,      3137.5248,      3351.0101,    -22.2517,     -5.2305,      5.4048
  249,      -597.7475,      3132.2880,      3356.4082,    -22.2493,     -5.2431,      5.3913
  250,      -619.9956,      3127.0387,      3361.7927,    -22.2469,     -5.2556,      5.3778
  251,      -642.2412,      3121.7768,      3367.1637,    -22.2443,     -5.2681,      5.3643
  252,      -664.4842,      3116.5024,      3372.5213,    -22.2417,     -5.2806,      5.3509
  253,      -686.7246,      3111.2156,      3377.8655,    -22.2390,     -5.2930,      5.3374
  254,      -708.9623,      3105.9164,      3383.1962,    -22.2362,     -5.3054,      5.3240
  255,      -731.1971,      3100.6049,      3388.5134,    -22.2334,     -5.3177,      5.3105
  256,      -753.4290,      3095.2810,      3393.8172,    -22.2305,     -5.3299,      5.2971
  257,      -775.6580,      3089.9450,      3399.1076,    -22.2274,     -5.3422,      5.2837
  258,      -797.8839,      3084.5967,      3404.3847,    -22.2243,     -5.3543,      5.2703
  259,      -820.1066,      3079.2364,      3409.6483,    -22.2212,     -5.3664,      5.2569
  260,      -842.3262,      3073.8639,      3414.8985,    -22.2179,     -5.3785,      5.2436
  261,      -864.5424,      3068.4795,      3420.1354,    -22.2146,     -5.3905,      5.2302
  262,      -886.7553,      3063.0830,      3425.3590,    -22.2112,     -5.4024,      5.2169
  263,      -908.9647,      3057.6747,      3430.5692,    -22.2077,     -5.4143,      5.2036
  264,      -931.1706,      3052.2545,      3435.7662,    -22.2041,     -5.4261,      5.1903
  265,      -953.3729,      3046.8225,      3440.9498,    -22.2005,     -5.4379,      5.1770
  266,      -975.5715,      3041.3788,      3446.1202,    -22.1968,     -5.4496,      5.1638
  267,      -997.7664,      3035.9233,      3451.2774,    -22.1930,     -5.4613,      5.1505
  268,     -1019.9575,      3030.4563,      3456.4213,    -22.1891,     -5.4729,      5.1373
  269,     -1042.1446,      3024.9777,      3461.5520,    -22.1852,     -5.4844,      5.1241
  270,     -1064.3278,      3019.4875,      3466.6696,    -22.1812,     -5.4959,      5.1110
  271,     -1086.5070,      3013.9859,      3471.7740,    -22.1771,     -5.5073,      5.0978
  272,     -1108.6820,      3008.4729,      3476.8653,    -22.1730,     -5.5187,      5.0847
  273,     -1130.8529,      3002.9486,      3481.9435,    -22.1688,     -5.5300,      5.0716
  274,     -1153.0195,      2997.4130,      3487.0086,    -22.1645,     -5.5412,      5.0586
  275,     -1175.1819,      2991.8662,      3492.0606,    -22.1601,     -5.5524,      5.0455
  276,     -1197.3398,      2986.3082,      3497.0997,    -22.1557,     -5.5635,      5.0325
  277,     -1219.4933,      2980.7392,      3502.1257,    -22.1512,     -5.5746,      5.0196
  278,     -1241.6422,      2975.1591,      3507.1388,    -22.1467,     -5.5856,      5.0066
  279,     -1263.7866,      2969.5680,      3512.1390,    -22.1421,     -5.5965,      4.9937
  280,     -1285.9264,      2963.9661,      3517.1263,    -22.1374,     -5.6074,      4.9808
  281,     -1308.0614,      2958.3532,      3522.1006,    -22.1327,     -5.6182,      4.9680
  282,     -1330.1917,      2952.7296,      3527.0622,    -22.1279,     -5.6290,      4.9551
  283,     -1352.3172,      2947.0953,      3532.0110,    -22.1230,     -5.6397,      4.9424
  284,     -1374.4377,      2941.4503,      3536.9469,    -22.1181,     -5.6503,      4.9296
  285,     -1396.5533,      2935.7948,      3541.8702,    -22.1131,     -5.6608,      4.9169
  286,     -1418.6639,      2930.1287,      3546.7807,    -22.1081,     -5.6713,      4.9042
  287,     -1440.7695,      2924.4521,      3551.6786,    -22.1030,     -5.6818,      4.8915
  288,     -1462.8699,      2918.7651,      3556.5638,    -22.0978,     -5.6921,      4.8789
  289,     -1484.9651,      2913.0678,      3561.4364,    -22.0926,     -5.7025,      4.8663
  290,     -1507.0551,      2907.3603,      3566.2965,    -22.0874,     -5.7127,      4.8538
  291,     -1529.1398,      2901.6425,      3571.1440,    -22.0820,     -5.7229,      4.8413
  292,     -1551.2191,      2895.9145,      3575.9791,    -22.0767,     -5.7330,      4.8288
  293,     -1573.2931,      2890.1765,      3580.8017,    -22.0712,     -5.7430,      4.8164
  294,     -1595.3616,      2884.4285,      3585.6119,    -22.0658,     -5.7530,      4.8040
  295,     -1617.4246,      2878.6705,      3590.4097,    -22.0602,     -5.7629,      4.7917
  296,     -1639.4820,      2872.9026,      3595.1952,    -22.0546,     -5.7728,      4.7793
  297,     -1661.5339,      2867.1249,      3599.9685,    -22.0490,     -5.7826,      4.7671
  298,     -1683.5800,      2861.3375,      3604.7294,    -22.0433,     -5.7923,      4.7548
  299,     -1705.6205,      2855.5403,      3609.4782,    -22.0376,     -5.8020,      4.7427
  300,     -1727.6552,      2849.7336,      3614.2148,    -22.0318,     -5.8116,      4.7305
  301,     -1749.6842,      2843.9172,      3618.9392,    -22.0260,     -5.8211,      4.7184
  302,     -1771.7073,      2838.0914,      3623.6516,    -22.0202,     -5.8305,      4.7064
  303,     -1793.7245,      2832.2562,      3628.3519,    -22.0142,     -5.8399,      4.6943
  304,     -1815.7357,      2826.4115,      3633.0403,    -22.0083,     -5.8493,      4.6824
  305,     -1837.7410,      2820.5576,      3637.7167,    -22.0023,     -5.8585,      4.6704
  306,     -1859.7403,      2814.6945,      3642.3811,    -21.9963,     -5.8677,      4.6585
  307,     -1881.7336,      2808.8222,      3647.0338,    -21.9902,     -5.8769,      4.6467
  308,     -1903.7207,      2802.9407,      3651.6746,    -21.9841,     -5.8860,      4.6349
  309,     -1925.7017,      2797.0503,      3656.3036,    -21.9779,     -5.8950,      4.6231
  310,     -1947.6765,      2791.1508,      3660.9209,    -21.9717,     -5.9039,      4.6114
  311,     -1969.6451,      2785.2425,      3665.5265,    -21.9655,     -5.9128,      4.5998
  312,     -1991.6074,      2779.3253,      3670.1204,    -21.9592,     -5.9216,      4.5882
  313,     -2013.5635,      2773.3994,      3674.7028,    -21.9529,     -5.9303,      4.5766
  314,     -2035.5132,      2767.4647,      3679.2737,    -21.9466,     -5.9390,      4.5651
  315,     -2057.4566,      2761.5214,      3683.8330,    -21.9402,     -5.9476,      4.5536
  316,     -2079.3935,      2755.5695,      3688.3809,    -21.9338,     -5.9562,      4.5422
  317,     -2101.3241,      2749.6090,      3692.9174,    -21.9273,     -5.9647,      4.5308
  318,     -2123.2482,      2743.6402,      3697.4425,    -21.9208,     -5.9731,      4.5195
  319,     -2145.1658,      2737.6629,      3701.9563,    -21.9143,     -5.9814,      4.5082
  320,     -2167.0768,      2731.6773,      3706.4589,    -21.9078,     -5.9897,      4.4969
  321,     -2188.9813,      2725.6834,      3710.9502,    -21.9012,     -5.9980,      4.4858
  322,     -2210.8793,      2719.6814,      3715.4304,    -21.8946,     -6.0061,      4.4746
  323,     -2232.7706,      2713.6712,      3719.8995,    -21.8880,     -6.0142,      4.4635
  324,     -2254.6552,      2707.6529,      3724.3575,    -21.8813,     -6.0223,      4.4525
  325,     -2276.5332,      2701.6267,      3728.8045,    -21.8747,     -6.0303,      4.4415
  326,     -2298.4045,      2695.5924,      3733.2405,    -21.8680,     -6.0382,      4.4306
  327,     -2320.2691,      2689.5503,      3737.6656,    -21.8612,     -6.0460,      4.4197
  328,     -2342.1270,      2683.5004,      3742.0799,    -21.8545,     -6.0538,      4.4088
  329,     -2363.9780,      2677.4427,      3746.4833,    -21.8477,     -6.0615,      4.3980
  330,     -2385.8223,      2671.3774,      3750.8760,    -21.8409,     -6.0692,      4.3873
  331,     -2407.6598,      2665.3044,      3755.2579,    -21.8340,     -6.0768,      4.3766
  332,     -2429.4904,      2659.2238,      3759.6292,    -21.8272,     -6.0843,      4.3660
  333,     -2451.3142,      2653.1357,      3763.9898,    -21.8203,     -6.0918,      4.3554
  334,     -2473.1310,      2647.0402,      3768.3399,    -21.8134,     -6.0992,      4.3448
  335,     -2494.9410,      2640.9372,      3772.6795,    -21.8065,     -6.1066,      4.3343
  336,     -2516.7441,      2634.8270,      3777.0086,    -21.7996,     -6.1139,      4.3239
  337,     -2538.5402,      2628.7095,      3781.3273,    -21.7926,     -6.1211,      4.3135
  338,     -2560.3293,      2622.5848,      3785.6356,    -21.7857,     -6.1283,      4.3032
  339,     -2582.1115,      2616.4529,      3789.9336,    -21.7787,     -6.1354,      4.2929
  340,     -2603.8867,      2610.3139,      3794.2214,    -21.7717,     -6.1425,      4.2826
  341,     -2625.6549,      2604.1680,      3798.4989,    -21.7647,     -6.1495,      4.2724
  342,     -2647.4160,      2598.0150,      3802.7663,    -21.7576,     -6.1564,      4.2623
  343,     -2669.1701,      2591.8552,      3807.0235,    -21.7506,     -6.1633,      4.2522
  344,     -2690.9172,      2585.6885,      3811.2707,    -21.7435,     -6.1701,      4.2422
  345,     -2712.6572,      2579.5150,      3815.5079,    -21.7365,     -6.1769,      4.2322
  346,     -2734.3901,      2573.3347,      3819.7352,    -21.7294,     -6.1836,      4.2223
  347,     -2756.1159,      2567.1478,      3823.9525,    -21.7223,     -6.1902,      4.2124
  348,     -2777.8346,      2560.9543,      3828.1599,    -21.7152,     -6.1968,      4.2026
  349,     -2799.5462,      2554.7542,      3832.3576,    -21.7080,     -6.2033,      4.1928
  350,     -2821.2507,      2548.5476,      3836.5455,    -21.7009,     -6.2098,      4.1830
  351,     -2842.9480,      2542.3346,      3840.7237,    -21.6938,     -6.2162,      4.1734
  352,     -2864.6382,      2536.1152,      3844.8923,    -21.6866,     -6.2226,      4.1637
  353,     -2886.3212,      2529.8894,      3849.0512,    -21.6795,     -6.2289,      4.1542
  354,     -2907.9971,      2523.6574,      3853.2006,    -21.6723,     -6.2352,      4.1446
  355,     -2929.6658,      2517.4191,      3857.3405,    -21.6651,     -6.2414,      4.1352
  356,     -2951.3273,      2511.1747,      3861.4709,    -21.6579,     -6.2475,      4.1257
  357,     -2972.9817,      2504.9242,      3865.5919,    -21.6507,     -6.2536,      4.1163
  358,     -2994.6288,      2498.6676,      3869.7036,    -21.6435,     -6.2596,      4.1070
  359,     -3016.2687,      2492.4050,      3873.8060,    -21.6363,     -6.2656,      4.0977
  360,     -3037.9015,      2486.1364,      3877.8991,    -21.6291,     -6.2715,      4.0885
  361,     -3059.5270,      2479.8620,      3881.9831,    -21.6219,     -6.2774,      4.0793
  362,     -3081.1453,      2473.5817,      3886.0578,    -21.6147,     -6.2832,      4.0702
  363,     -3102.7564,      2467.2956,      3890.1235,    -21.6075,     -6.2890,      4.0611
  364,     -3124.3603,      2461.0037,      3894.1801,    -21.6003,     -6.2947,      4.0521
  365,     -3145.9570,      2454.7062,      3898.2278,    -21.5931,     -6.3003,      4.0431
  366,     -3167.5465,      2448.4030,      3902.2664,    -21.5858,     -6.3060,      4.0342
  367,     -3189.1287,      2442.0943,      3906.2962,    -21.5786,     -6.3115,      4.0253
  368,     -3210.7037,      2435.7800,      3910.3171,    -21.5714,     -6.3170,      4.0165
  369,     -3232.2714,      2429.4603,      3914.3293,    -21.5642,     -6.3225,      4.0077
  370,     -3253.8320,      2423.1351,      3918.3326,    -21.5569,     -6.3279,      3.9990
  371,     -3275.3853,      2416.8045,      3922.3273,    -21.5497,     -6.3333,      3.9903
  372,     -3296.9314,      2410.4686,      3926.3133,    -21.5425,     -6.3386,      3.9817
  373,     -3318.4702,      2404.1274,      3930.2907,    -21.5352,     -6.3438,      3.9731
  374,     -3340.0018,      2397.7810,      3934.2595,    -21.5280,     -6.3490,      3.9646
  375,     -3361.5262,      2391.4293,      3938.2199,    -21.5208,     -6.3542,      3.9561
  376,     -3383.0434,      2385.0726,      3942.1717,    -21.5136,     -6.3593,      3.9477
  377,     -3404.5534,      2378.7107,      3946.1152,    -21.5064,     -6.3644,      3.9393
  378,     -3426.0561,      2372.3439,      3950.0503,    -21.4991,     -6.3694,      3.9309
  379,     -3447.5517,      2365.9720,      3953.9771,    -21.4919,     -6.3744,      3.9226
  380,     -3469.0400,      2359.5951,      3957.8956,    -21.4847,     -6.3793,      3.9144
  381,     -3490.5211,      2353.2134,      3961.8059,    -21.4775,     -6.3842,      3.9062
  382,     -3511.9950,      2346.8268,      3965.7080,    -21.4703,     -6.3890,      3.8980
  383,     -3533.4617,      2340.4354,      3969.6020,    -21.4631,     -6.3938,      3.8899
  384,     -3554.9212,      2334.0393,      3973.4879,    -21.4559,     -6.3985,      3.8819
  385,     -3576.3736,      2327.6384,      3977.3657,    -21.4487,     -6.4032,      3.8739
  386,     -3597.8187,      2321.2328,      3981.2356,    -21.4416,     -6.4079,      3.8659
  387,     -3619.2567,      2314.8226,      3985.0975,    -21.4344,     -6.4125,      3.8580
  388,     -3640.6875,      2308.4079,      3988.9516,    -21.4272,     -6.4170,      3.8501
  389,     -3662.1111,      2301.9886,      3992.7978,    -21.4201,     -6.4216,      3.8423
  390,     -3683.5276,      2295.5647,      3996.6362,    -21.4129,     -6.4260,      3.8345
  391,     -3704.9370,      2289.1365,      4000.4668,    -21.4058,     -6.4305,      3.8268
  392,     -3726.3392,      2282.7038,      4004.2897,    -21.3986,     -6.4349,      3.8191
  393,     -3747.7342,      2276.2668,      4008.1050,    -21.3915,     -6.4392,      3.8114
  394,     -3769.1222,      2269.8254,      4011.9126,    -21.3844,     -6.4435,      3.8038
  395,     -3790.5030,      2263.3797,      4015.7127,    -21.3773,     -6.4478,      3.7963
  396,     -3811.8767,      2256.9298,      4019.5052,    -21.3702,     -6.4520,      3.7888
  397,     -3833.2433,      2250.4757,      4023.2903,    -21.3631,     -6.4562,      3.7813
  398,     -3854.6028,      2244.0174,      4027.0679,    -21.3560,     -6.4603,      3.7739
  399,     -3875.9553,      2237.5550,      4030.8381,    -21.3489,     -6.4644,      3.7665
  400,     -3897.3007,      2231.0886,      4034.6010,    -21.3418,     -6.4685,      3.7592
  401,     -3918.6390,      2224.6181,      4038.3565,    -21.3348,     -6.4725,      3.7519
  402,     -3939.9702,      2218.1435,      4042.1048,    -21.3277,     -6.4765,      3.7447
  403,     -3961.2944,      2211.6650,      4045.8459,    -21.3207,     -6.4805,      3.7375
  404,     -3982.6116,      2205.1826,      4049.5797,    -21.3137,     -6.4844,      3.7303
  405,     -4003.9218,      2198.6963,      4053.3065,    -21.3067,     -6.4882,      3.7232
  406,     -4025.2250,      2192.2062,      4057.0261,    -21.2997,     -6.4921,      3.7161
  407,     -4046.5212,      2185.7123,      4060.7387,    -21.2927,     -6.4958,      3.7091
  408,     -4067.8103,      2179.2145,      4064.4443,    -21.2857,     -6.4996,      3.7021
  409,     -4089.0926,      2172.7131,      4068.1430,    -21.2787,     -6.5033,      3.6952
  410,     -4110.3678,      2166.2079,      4071.8347,    -21.2718,     -6.5070,      3.6883
  411,     -4131.6361,      2159.6991,      4075.5195,    -21.2648,     -6.5106,      3.6814
  412,     -4152.8975,      2153.1866,      4079.1974,    -21.2579,     -6.5142,      3.6746
  413,     -4174.1519,      2146.6706,      4082.8686,    -21.2510,     -6.5178,      3.6678
  414,     -4195.3995,      2140.1510,      4086.5330,    -21.2441,     -6.5214,      3.6610
  415,     -4216.6401,      2133.6279,      4090.1907,    -21.2372,     -6.5249,      3.6544
  416,     -4237.8739,      2127.1013,      4093.8418,    -21.2303,     -6.5283,      3.6477
  417,     -4259.1007,      2120.5713,      4097.4861,    -21.2235,     -6.5318,      3.6411
  418,     -4280.3208,      2114.0378,      4101.1239,    -21.2166,     -6.5352,      3.6345
  419,     -4301.5340,      2107.5010,      4104.7551,    -21.2098,     -6.5385,      3.6280
  420,     -4322.7403,      2100.9608,      4108.3798,    -21.2029,     -6.5418,      3.6215
  421,     -4343.9398,      2094.4173,      4111.9981,    -21.1961,     -6.5451,      3.6150
  422,     -4365.1326,      2087.8705,      4115.6099,    -21.1893,     -6.5484,      3.6086
  423,     -4386.3185,      2081.3205,      4119.2153,    -21.1826,     -6.5516,      3.6022
  424,     -4407.4977,      2074.7673,      4122.8143,    -21.1758,     -6.5548,      3.5959
  425,     -4428.6701,      2068.2109,      4126.4070,    -21.1690,     -6.5580,      3.5896
  426,     -4449.8358,      2061.6513,      4129.9934,    -21.1623,     -6.5611,      3.5833
  427,     -4470.9947,      2055.0886,      4133.5736,    -21.1556,     -6.5642,      3.5771
  428,     -4492.1469,      2048.5228,      4137.1476,    -21.1489,     -6.5673,      3.5709
  429,     -4513.2925,      2041.9540,      4140.7154,    -21.1422,     -6.5703,      3.5647
  430,     -4534.4313,      2035.3822,      4144.2770,    -21.1355,     -6.5734,      3.5586
  431,     -4555.5635,      2028.8073,      4147.8326,    -21.1288,     -6.5763,      3.5525
  432,     -4576.6890,      2022.2295,      4151.3821,    -21.1222,     -6.5793,      3.5465
  433,     -4597.8079,      2015.6488,      4154.9256,    -21.1156,     -6.5822,      3.5405
  434,     -4618.9201,      2009.0651,      4158.4631,    -21.1089,     -6.5851,      3.5345
  435,     -4640.0258,      2002.4786,      4161.9947,    -21.1024,     -6.5879,      3.5286
  436,     -4661.1248,      1995.8893,      4165.5203,    -21.0958,     -6.5908,      3.5227
  437,     -4682.2173,      1989.2971,      4169.0401,    -21.0892,     -6.5936,      3.5168
  438,     -4703.3032,      1982.7021,      4172.5540,    -21.0826,     -6.5963,      3.5110
  439,     -4724.3826,      1976.1044,      4176.0621,    -21.0761,     -6.5991,      3.5052
  440,     -4745.4555,      1969.5039,      4179.5645,    -21.0696,     -6.6018,      3.4995
  441,     -4766.5218,      1962.9008,      4183.0611,    -21.0631,     -6.6045,      3.4938
  442,     -4787.5817,      1956.2950,      4186.5520,    -21.0566,     -6.6072,      3.4881
  443,     -4808.6350,      1949.6865,      4190.0373,    -21.0501,     -6.6098,      3.4824
  444,     -4829.6819,      1943.0754,      4193.5169,    -21.0437,     -6.6124,      3.4768
  445,     -4850.7224,      1936.4617,      4196.9909,    -21.0373,     -6.6150,      3.4712
  446,     -4871.7564,      1929.8454,      4200.4594,    -21.0308,     -6.6175,      3.4657
  447,     -4892.7841,      1923.2266,      4203.9224,    -21.0244,     -6.6201,      3.4602
  448,     -4913.8053,      1916.6053,      4207.3798,    -21.0180,     -6.6226,      3.4547
  449,     -4934.8202,      1909.9815,      4210.8318,    -21.0117,     -6.6250,      3.4493
  450,     -4955.8287,      1903.3553,      4214.2784,    -21.0053,     -6.6275,      3.4439
